0 0 1 1 0 0 0 0 0 350 -11.6084 2.5 6.97434 -7.5 0 21 0 1 5
1 2 1 1 0 0 2.49951 -2 1.89821 355 4.70961 2.5 -18.5184 75 0 21 0 2 5
1 2 1 1 0 0 2.49951 -2 1.89821 255 -9.06075 2.5 22.0082 -47.5 0 21 0 0 5
1 2 1 1 0 0 2.49951 0 1.89821 130 -7.38257 2.5 8.68296 -57.5 0 11 0 2 5
1 2 1 1 0 0 2.49951 0 1.89821 130 -7.38257 2.5 8.68296 -57.5 0 11 0 1 5
1 2 1 1 0 1 2.49951 0 1.89821 325 -8.00131 2.5 18.96 -42.5 0 21 0 1 5
1 2 1 1 0 2 2.49951 0 1.89821 325 -8.00131 2.5 18.96 -42.5 0 21 0 1 5
1 2 1 1 0 0 2.49951 0 1.89821 325 -8.00131 2.5 18.96 -42.5 0 21 0 1 5
1 2 1 1 0 0 18.5792 -1 -3.58333 20 20.7368 2.5 -18.7375 82.5 0 21 0 1 5
1 2 1 1 1 0 15.1229 -1 6.54306 200 13.6662 2.5 -7.81526 90 0 21 -6 1 5
1 2 1 1 0 0 17.942 -1 5.517 200 26.0152 2.5 13.4168 220 0 21 0 1 5
